运行 sweep: alpha=0.80, threshold=6.0, seed=42
{
  "episodes": 1000,
  "mean_episode_reward": 91.284,
  "std_episode_reward": 5.239784728402494,
  "aop_accuracy": 0.9112138454243718,
  "response_policy_accuracy": 0.9012565196775723,
  "switch_count": 84,
  "baseline_mean_episode_reward": 91.233,
  "baseline_std_episode_reward": 4.075624001303359
}
过程数据已保存到: runs/discrete_sweep_a0.8_t6_s42/20260508_042053
