运行 sweep: alpha=0.90, threshold=4.0, seed=43
{
  "episodes": 1000,
  "mean_episode_reward": 78.966,
  "std_episode_reward": 38.08804069521036,
  "aop_accuracy": 0.5998171542553191,
  "switch_count": 2505,
  "baseline_mean_episode_reward": 90.854,
  "baseline_std_episode_reward": 4.08566812161732
}
过程数据已保存到: runs/discrete_sweep_a0.9_t4_s43/20260507_090513
