运行 sweep: alpha=0.95, threshold=4.0, seed=42
{
  "episodes": 1000,
  "mean_episode_reward": 91.688,
  "std_episode_reward": 4.12415518621693,
  "aop_accuracy": 0.9490944689182574,
  "response_policy_accuracy": 0.9391825746451297,
  "switch_count": 83,
  "baseline_mean_episode_reward": 91.233,
  "baseline_std_episode_reward": 4.075624001303359
}
过程数据已保存到: runs/discrete_sweep_a0.95_t4_s42/20260508_042108
