运行 sweep: alpha=0.99, threshold=6.0, seed=42
{
  "episodes": 1000,
  "mean_episode_reward": 80.424,
  "std_episode_reward": 35.741407694717346,
  "aop_accuracy": 0.6057069846678024,
  "switch_count": 1874,
  "baseline_mean_episode_reward": 91.115,
  "baseline_std_episode_reward": 4.0548458663677955
}
过程数据已保存到: runs/discrete_sweep_a0.99_t6_s42/20260507_090513
