运行 sweep: alpha=0.90, threshold=6.0, seed=43
{
  "episodes": 1000,
  "mean_episode_reward": 91.325,
  "std_episode_reward": 4.895852836840585,
  "aop_accuracy": 0.9157042505060127,
  "response_policy_accuracy": 0.9058221216811525,
  "switch_count": 83,
  "baseline_mean_episode_reward": 91.117,
  "baseline_std_episode_reward": 4.17651900510461
}
过程数据已保存到: runs/discrete_sweep_a0.9_t6_s43/20260508_042054
