运行 sweep: alpha=0.95, threshold=8.0, seed=43
{
  "episodes": 1000,
  "mean_episode_reward": 80.898,
  "std_episode_reward": 35.0161333673494,
  "aop_accuracy": 0.6050412938747419,
  "switch_count": 1435,
  "baseline_mean_episode_reward": 90.854,
  "baseline_std_episode_reward": 4.08566812161732
}
过程数据已保存到: runs/discrete_sweep_a0.95_t8_s43/20260507_090513
