运行 sweep: alpha=0.95, threshold=6.0, seed=42
{
  "episodes": 1000,
  "mean_episode_reward": 91.144,
  "std_episode_reward": 4.927602256676162,
  "aop_accuracy": 0.9208391284191006,
  "response_policy_accuracy": 0.9108715808993973,
  "switch_count": 88,
  "baseline_mean_episode_reward": 91.233,
  "baseline_std_episode_reward": 4.075624001303359
}
过程数据已保存到: runs/discrete_sweep_a0.95_t6_s42/20260508_042122
