运行 sweep: alpha=0.99, threshold=8.0, seed=42
{
  "episodes": 1000,
  "mean_episode_reward": 81.577,
  "std_episode_reward": 32.437109473564384,
  "aop_accuracy": 0.6021285653469561,
  "switch_count": 1474,
  "baseline_mean_episode_reward": 91.115,
  "baseline_std_episode_reward": 4.0548458663677955
}
过程数据已保存到: runs/discrete_sweep_a0.99_t8_s42/20260507_090513
