运行 sweep: alpha=0.99, threshold=6.0, seed=43
{
  "episodes": 1000,
  "mean_episode_reward": 78.148,
  "std_episode_reward": 39.23740684601876,
  "aop_accuracy": 0.5874744167007777,
  "switch_count": 1987,
  "baseline_mean_episode_reward": 90.854,
  "baseline_std_episode_reward": 4.08566812161732
}
过程数据已保存到: runs/discrete_sweep_a0.99_t6_s43/20260507_090513
