运行 sweep: alpha=0.90, threshold=4.0, seed=42
{
  "episodes": 1000,
  "mean_episode_reward": 77.617,
  "std_episode_reward": 40.934023879897275,
  "aop_accuracy": 0.5893719806763285,
  "switch_count": 2481,
  "baseline_mean_episode_reward": 91.115,
  "baseline_std_episode_reward": 4.0548458663677955
}
过程数据已保存到: runs/discrete_sweep_a0.9_t4_s42/20260507_090513
