运行 sweep: alpha=0.90, threshold=4.0, seed=43
{
  "episodes": 1000,
  "mean_episode_reward": 91.496,
  "std_episode_reward": 4.222556571557094,
  "aop_accuracy": 0.9431040691393591,
  "response_policy_accuracy": 0.9331412795582763,
  "switch_count": 83,
  "baseline_mean_episode_reward": 91.117,
  "baseline_std_episode_reward": 4.17651900510461
}
过程数据已保存到: runs/discrete_sweep_a0.9_t4_s43/20260508_042053
