运行 sweep: alpha=0.80, threshold=8.0, seed=43
{
  "episodes": 1000,
  "mean_episode_reward": 90.465,
  "std_episode_reward": 6.463186133788814,
  "aop_accuracy": 0.8728118768003545,
  "response_policy_accuracy": 0.8628406824728562,
  "switch_count": 90,
  "baseline_mean_episode_reward": 91.117,
  "baseline_std_episode_reward": 4.17651900510461
}
过程数据已保存到: runs/discrete_sweep_a0.8_t8_s43/20260508_042053
