运行 sweep: alpha=0.99, threshold=8.0, seed=43
{
  "episodes": 1000,
  "mean_episode_reward": 79.75,
  "std_episode_reward": 36.75333318217546,
  "aop_accuracy": 0.5869196882412742,
  "switch_count": 1521,
  "baseline_mean_episode_reward": 90.854,
  "baseline_std_episode_reward": 4.08566812161732
}
过程数据已保存到: runs/discrete_sweep_a0.99_t8_s43/20260507_090523
