运行 sweep: alpha=0.90, threshold=8.0, seed=43
{
  "episodes": 1000,
  "mean_episode_reward": 81.246,
  "std_episode_reward": 33.70640123181352,
  "aop_accuracy": 0.6125042647560559,
  "switch_count": 1384,
  "baseline_mean_episode_reward": 90.854,
  "baseline_std_episode_reward": 4.08566812161732
}
过程数据已保存到: runs/discrete_sweep_a0.9_t8_s43/20260507_090513
