运行 sweep: alpha=0.99, threshold=8.0, seed=43
{
  "episodes": 1000,
  "mean_episode_reward": 91.373,
  "std_episode_reward": 4.663890114485975,
  "aop_accuracy": 0.9412950664136622,
  "response_policy_accuracy": 0.9313330170777988,
  "switch_count": 85,
  "baseline_mean_episode_reward": 91.117,
  "baseline_std_episode_reward": 4.17651900510461
}
过程数据已保存到: runs/discrete_sweep_a0.99_t8_s43/20260508_042151
