运行 sweep: alpha=0.80, threshold=4.0, seed=43
{
  "episodes": 1000,
  "mean_episode_reward": 91.473,
  "std_episode_reward": 4.445140155270698,
  "aop_accuracy": 0.9352051835853131,
  "response_policy_accuracy": 0.9252459803215742,
  "switch_count": 83,
  "baseline_mean_episode_reward": 91.117,
  "baseline_std_episode_reward": 4.17651900510461
}
过程数据已保存到: runs/discrete_sweep_a0.8_t4_s43/20260508_042053
