运行 sweep: alpha=0.80, threshold=6.0, seed=42
{
  "episodes": 1000,
  "mean_episode_reward": 80.887,
  "std_episode_reward": 34.43054212468924,
  "aop_accuracy": 0.6270488286278212,
  "switch_count": 1532,
  "baseline_mean_episode_reward": 91.115,
  "baseline_std_episode_reward": 4.0548458663677955
}
过程数据已保存到: runs/discrete_sweep_a0.8_t6_s42/20260507_090513
