运行 sweep: alpha=0.99, threshold=4.0, seed=42
{
  "episodes": 1000,
  "mean_episode_reward": 91.611,
  "std_episode_reward": 3.9816678666106746,
  "aop_accuracy": 0.9616690926734595,
  "response_policy_accuracy": 0.9517224648229015,
  "switch_count": 95,
  "baseline_mean_episode_reward": 91.233,
  "baseline_std_episode_reward": 4.075624001303359
}
过程数据已保存到: runs/discrete_sweep_a0.99_t4_s42/20260508_042150
