运行 sweep: alpha=0.99, threshold=6.0, seed=43
{
  "episodes": 1000,
  "mean_episode_reward": 91.496,
  "std_episode_reward": 4.170849313988699,
  "aop_accuracy": 0.9469451446404994,
  "response_policy_accuracy": 0.9369823550594166,
  "switch_count": 86,
  "baseline_mean_episode_reward": 91.117,
  "baseline_std_episode_reward": 4.17651900510461
}
过程数据已保存到: runs/discrete_sweep_a0.99_t6_s43/20260508_042148
