运行 sweep: alpha=0.99, threshold=4.0, seed=43
{
  "episodes": 1000,
  "mean_episode_reward": 78.338,
  "std_episode_reward": 39.19303198273897,
  "aop_accuracy": 0.5894997933030178,
  "switch_count": 2620,
  "baseline_mean_episode_reward": 90.854,
  "baseline_std_episode_reward": 4.08566812161732
}
过程数据已保存到: runs/discrete_sweep_a0.99_t4_s43/20260507_090513
