运行 sweep: alpha=0.80, threshold=4.0, seed=42
{
  "episodes": 1000,
  "mean_episode_reward": 80.476,
  "std_episode_reward": 35.647207800892346,
  "aop_accuracy": 0.6258086776503062,
  "switch_count": 2085,
  "baseline_mean_episode_reward": 91.115,
  "baseline_std_episode_reward": 4.0548458663677955
}
过程数据已保存到: runs/discrete_sweep_a0.8_t4_s42/20260507_090513
