运行 sweep: alpha=0.99, threshold=4.0, seed=43
{
  "episodes": 1000,
  "mean_episode_reward": 91.794,
  "std_episode_reward": 3.991436332950834,
  "aop_accuracy": 0.9644626052501238,
  "response_policy_accuracy": 0.9545567112431897,
  "switch_count": 86,
  "baseline_mean_episode_reward": 91.117,
  "baseline_std_episode_reward": 4.17651900510461
}
过程数据已保存到: runs/discrete_sweep_a0.99_t4_s43/20260508_042150
