运行 sweep: alpha=0.95, threshold=6.0, seed=42
{
  "episodes": 1000,
  "mean_episode_reward": 78.817,
  "std_episode_reward": 38.622525953127415,
  "aop_accuracy": 0.5920953889769032,
  "switch_count": 1882,
  "baseline_mean_episode_reward": 91.115,
  "baseline_std_episode_reward": 4.0548458663677955
}
过程数据已保存到: runs/discrete_sweep_a0.95_t6_s42/20260507_090513
